time	V(out)
Step Information: X=100n Y=1K  (Run: 1/6)
0.000000000000000e+000	0.000000e+000
6.000000496442226e-008	2.249278e-005
1.200000099288445e-007	8.994220e-005
2.400000198576890e-007	3.595378e-004
4.800000397153781e-007	1.173937e-003
5.199999602846219e-007	1.357485e-003
5.999998014231095e-007	1.828064e-003
7.599994837000847e-007	2.975760e-003
1.000000000000000e-006	4.983092e-003
2.512003252689466e-006	1.988583e-002
4.048006557008924e-006	3.474620e-002
6.977694057008924e-006	6.252042e-002
9.907381557008925e-006	8.958913e-002
1.283706905700892e-005	1.158762e-001
1.576675655700892e-005	1.414044e-001
2.162613155700892e-005	1.902706e-001
2.748550655700892e-005	2.363556e-001
3.627456905700892e-005	3.006123e-001
4.506363155700893e-005	3.594621e-001
5.385269405700894e-005	4.133599e-001
6.557144405700895e-005	4.782359e-001
7.729019405700896e-005	5.359373e-001
8.900894405700897e-005	5.872576e-001
1.007276940570090e-004	6.329024e-001
1.124464440570090e-004	6.734993e-001
1.241651940570090e-004	7.096068e-001
1.358839440570090e-004	7.417210e-001
1.476026940570090e-004	7.702839e-001
1.593214440570090e-004	7.956879e-001
1.710401940570090e-004	8.182826e-001
1.827589440570090e-004	8.383785e-001
1.944776940570091e-004	8.562521e-001
2.061964440570091e-004	8.721491e-001
2.179151940570091e-004	8.862880e-001
2.296339440570091e-004	8.988633e-001
2.413526940570091e-004	9.100479e-001
2.530714440570091e-004	9.199956e-001
2.647901940570091e-004	9.288433e-001
2.765089440570091e-004	9.367124e-001
2.882276940570091e-004	9.437113e-001
2.999464440570091e-004	9.499362e-001
3.116651940570092e-004	9.554727e-001
3.233839440570092e-004	9.603969e-001
3.351026940570092e-004	9.647766e-001
3.468214440570092e-004	9.686719e-001
3.585401940570092e-004	9.721365e-001
3.702589440570092e-004	9.752179e-001
3.819776940570092e-004	9.779585e-001
3.936964440570092e-004	9.803960e-001
4.054151940570092e-004	9.825640e-001
4.171339440570093e-004	9.844922e-001
4.288526940570093e-004	9.862072e-001
4.405714440570093e-004	9.877326e-001
4.522901940570093e-004	9.890893e-001
4.640089440570093e-004	9.902958e-001
4.786573815570093e-004	9.916182e-001
4.933058190570093e-004	9.927604e-001
5.010000000000000e-004	9.932980e-001
5.012789062500000e-004	9.927128e-001
5.020000000000001e-004	9.883394e-001
5.152241406250009e-004	8.660928e-001
5.269428906250009e-004	7.703124e-001
5.386616406250009e-004	6.851243e-001
5.503803906250009e-004	6.093571e-001
5.620991406250009e-004	5.419688e-001
5.738178906250010e-004	4.820330e-001
5.855366406250010e-004	4.287255e-001
5.972553906250010e-004	3.813131e-001
6.089741406250010e-004	3.391441e-001
6.206928906250010e-004	3.016385e-001
6.324116406250010e-004	2.682805e-001
6.441303906250010e-004	2.386117e-001
6.558491406250010e-004	2.122238e-001
6.675678906250010e-004	1.887542e-001
6.792866406250011e-004	1.678800e-001
6.910053906250011e-004	1.493143e-001
7.027241406250011e-004	1.328018e-001
7.144428906250011e-004	1.181154e-001
7.261616406250011e-004	1.050531e-001
7.378803906250011e-004	9.343540e-002
7.495991406250011e-004	8.310246e-002
7.613178906250011e-004	7.391225e-002
7.730366406250011e-004	6.573836e-002
7.847553906250011e-004	5.846842e-002
7.964741406250012e-004	5.200245e-002
8.081928906250012e-004	4.625155e-002
8.199116406250012e-004	4.113663e-002
8.316303906250012e-004	3.658737e-002
8.433491406250012e-004	3.254121e-002
8.550678906250012e-004	2.894251e-002
8.667866406250012e-004	2.574179e-002
8.785053906250012e-004	2.289503e-002
8.902241406250012e-004	2.036309e-002
9.019428906250012e-004	1.811115e-002
9.136616406250013e-004	1.610826e-002
9.253803906250013e-004	1.432686e-002
9.370991406250013e-004	1.274247e-002
9.488178906250013e-004	1.133329e-002
9.605366406250013e-004	1.007995e-002
9.751850781250013e-004	8.706358e-003
9.898335156250009e-004	7.519945e-003
1.000000000000000e-003	6.791520e-003
1.000078468750004e-003	6.868214e-003
1.000235406250011e-003	7.205852e-003
1.000549281250027e-003	8.389252e-003
1.000675792737913e-003	9.076754e-003
1.000746977024227e-003	9.573697e-003
1.000857631427373e-003	1.046993e-002
1.001000000000000e-003	1.173744e-002
1.002808080872365e-003	2.940541e-002
1.004630398601992e-003	4.684589e-002
1.007560086101992e-003	7.429141e-002
1.010489773601992e-003	1.010202e-001
1.013419461101991e-003	1.269773e-001
1.019278836101991e-003	1.766646e-001
1.025138211101991e-003	2.235241e-001
1.030997586101991e-003	2.677165e-001
1.039786648601991e-003	3.293343e-001
1.048575711101990e-003	3.857673e-001
1.060294461101990e-003	4.536947e-001
1.072013211101989e-003	5.141101e-001
1.083731961101989e-003	5.678442e-001
1.095450711101989e-003	6.156359e-001
1.107169461101988e-003	6.581423e-001
1.118888211101988e-003	6.959480e-001
1.130606961101987e-003	7.295729e-001
1.142325711101987e-003	7.594791e-001
1.154044461101986e-003	7.860781e-001
1.165763211101986e-003	8.097355e-001
1.177481961101986e-003	8.307767e-001
1.189200711101985e-003	8.494909e-001
1.200919461101985e-003	8.661356e-001
1.212638211101984e-003	8.809395e-001
1.224356961101984e-003	8.941063e-001
1.236075711101983e-003	9.058170e-001
1.247794461101983e-003	9.162326e-001
1.259513211101983e-003	9.254963e-001
1.271231961101982e-003	9.337356e-001
1.282950711101982e-003	9.410638e-001
1.294669461101981e-003	9.475815e-001
1.306388211101981e-003	9.533784e-001
1.318106961101980e-003	9.585342e-001
1.329825711101980e-003	9.631199e-001
1.341544461101980e-003	9.671984e-001
1.353263211101979e-003	9.708259e-001
1.364981961101979e-003	9.740523e-001
1.376700711101978e-003	9.769218e-001
1.388419461101978e-003	9.794739e-001
1.400138211101978e-003	9.817439e-001
1.411856961101977e-003	9.837629e-001
1.423575711101977e-003	9.855585e-001
1.435294461101976e-003	9.871556e-001
1.447013211101976e-003	9.885761e-001
1.458731961101975e-003	9.898394e-001
1.473380398601975e-003	9.912240e-001
1.488028836101974e-003	9.924199e-001
1.501000000000000e-003	9.933435e-001
1.501600000000000e-003	9.912394e-001
1.502000000000000e-003	9.883777e-001
1.515869062499997e-003	8.605580e-001
1.527587812499997e-003	7.653897e-001
1.539306562499996e-003	6.807461e-001
1.551025312499996e-003	6.054630e-001
1.562744062499995e-003	5.385054e-001
1.574462812499995e-003	4.789526e-001
1.586181562499995e-003	4.259857e-001
1.597900312499994e-003	3.788764e-001
1.609619062499994e-003	3.369768e-001
1.621337812499993e-003	2.997108e-001
1.633056562499993e-003	2.665661e-001
1.644775312499993e-003	2.370868e-001
1.656494062499992e-003	2.108676e-001
1.668212812499992e-003	1.875480e-001
1.679931562499991e-003	1.668072e-001
1.691650312499991e-003	1.483602e-001
1.703369062499990e-003	1.319532e-001
1.715087812499990e-003	1.173606e-001
1.726806562499990e-003	1.043818e-001
1.738525312499989e-003	9.283830e-002
1.750244062499989e-003	8.257140e-002
1.761962812499988e-003	7.343991e-002
1.773681562499988e-003	6.531826e-002
1.785400312499987e-003	5.809478e-002
1.797119062499987e-003	5.167013e-002
1.808837812499987e-003	4.595598e-002
1.820556562499986e-003	4.087375e-002
1.832275312499986e-003	3.635356e-002
1.843994062499985e-003	3.233325e-002
1.855712812499985e-003	2.875755e-002
1.867431562499984e-003	2.557728e-002
1.879150312499984e-003	2.274872e-002
1.890869062499984e-003	2.023296e-002
1.902587812499983e-003	1.799541e-002
1.914306562499983e-003	1.600532e-002
1.926025312499982e-003	1.423531e-002
1.937744062499982e-003	1.266104e-002
1.949462812499982e-003	1.126087e-002
1.961181562499982e-003	1.001554e-002
1.975829999999982e-003	8.650721e-003
1.990478437499983e-003	7.471889e-003
2.000000000000000e-003	6.791780e-003
2.000151687499858e-003	6.960256e-003
2.000353937499668e-003	7.560210e-003
2.000660023042691e-003	9.191267e-003
2.001000000000000e-003	1.171959e-002
2.002053928567658e-003	2.206619e-002
2.003141854831048e-003	3.260516e-002
2.005317707357826e-003	5.333313e-002
2.008247394857826e-003	8.061580e-002
2.011177082357826e-003	1.071620e-001
2.014106769857826e-003	1.329418e-001
2.019966144857827e-003	1.822896e-001
2.025825519857827e-003	2.288289e-001
2.034614582357827e-003	2.937189e-001
2.043403644857827e-003	3.531487e-001
2.052192707357828e-003	4.075778e-001
2.063911457357828e-003	4.730932e-001
2.075630207357829e-003	5.313633e-001
2.087348957357829e-003	5.831894e-001
2.099067707357830e-003	6.292841e-001
2.110786457357830e-003	6.702812e-001
2.122505207357830e-003	7.067445e-001
2.134223957357831e-003	7.391753e-001
2.145942707357831e-003	7.680197e-001
2.157661457357832e-003	7.936742e-001
2.169380207357832e-003	8.164915e-001
2.181098957357833e-003	8.367856e-001
2.192817707357833e-003	8.548353e-001
2.204536457357834e-003	8.708889e-001
2.216255207357834e-003	8.851672e-001
2.227973957357834e-003	8.978664e-001
2.239692707357835e-003	9.091613e-001
2.251411457357835e-003	9.192070e-001
2.263130207357836e-003	9.281418e-001
2.274848957357836e-003	9.360886e-001
2.286567707357837e-003	9.431565e-001
2.298286457357837e-003	9.494427e-001
2.310005207357838e-003	9.550338e-001
2.321723957357838e-003	9.600066e-001
2.333442707357838e-003	9.644294e-001
2.345161457357839e-003	9.683632e-001
2.356880207357839e-003	9.718618e-001
2.368598957357840e-003	9.749736e-001
2.380317707357840e-003	9.777412e-001
2.392036457357841e-003	9.802029e-001
2.403755207357841e-003	9.823922e-001
2.415473957357842e-003	9.843394e-001
2.427192707357842e-003	9.860713e-001
2.438911457357842e-003	9.876117e-001
2.450630207357843e-003	9.889817e-001
2.462348957357843e-003	9.902002e-001
2.476997394857844e-003	9.915356e-001
2.491645832357844e-003	9.926891e-001
2.501000000000000e-003	9.933434e-001
2.501600000000001e-003	9.912393e-001
2.502000000000000e-003	9.883776e-001
2.515869062499997e-003	8.605580e-001
2.527587812499998e-003	7.653897e-001
2.539306562499998e-003	6.807460e-001
2.551025312499999e-003	6.054629e-001
2.562744062499999e-003	5.385053e-001
2.574462812500000e-003	4.789526e-001
2.586181562500000e-003	4.259856e-001
2.597900312500001e-003	3.788763e-001
2.609619062500001e-003	3.369767e-001
2.621337812500001e-003	2.997108e-001
2.633056562500002e-003	2.665661e-001
2.644775312500002e-003	2.370868e-001
2.656494062500003e-003	2.108676e-001
2.668212812500003e-003	1.875479e-001
2.679931562500004e-003	1.668072e-001
2.691650312500004e-003	1.483601e-001
2.703369062500005e-003	1.319531e-001
2.715087812500005e-003	1.173606e-001
2.718017500000005e-003	1.139719e-001
2.729736250000006e-003	1.013679e-001
2.741455000000006e-003	9.015769e-002
2.753173750000006e-003	8.018723e-002
2.764892500000007e-003	7.131940e-002
2.776611250000007e-003	6.343226e-002
2.788330000000008e-003	5.641735e-002
2.800048750000008e-003	5.017820e-002
2.811767500000009e-003	4.462904e-002
2.823486250000009e-003	3.969356e-002
2.835205000000010e-003	3.530389e-002
2.846923750000010e-003	3.139967e-002
2.858642500000010e-003	2.792721e-002
2.870361250000011e-003	2.483876e-002
2.882080000000011e-003	2.209187e-002
2.893798750000012e-003	1.964875e-002
2.905517500000012e-003	1.747581e-002
2.917236250000013e-003	1.554318e-002
2.928955000000013e-003	1.382427e-002
2.940673750000014e-003	1.229546e-002
2.952392500000014e-003	1.093572e-002
2.964111250000014e-003	9.726347e-003
2.978759687500015e-003	8.400939e-003
2.993408125000016e-003	7.256146e-003
2.999494374999564e-003	6.826232e-003
3.000000000000000e-003	6.791779e-003
Step Information: X=200n Y=1K  (Run: 2/6)
0.000000000000000e+000	0.000000e+000
6.000000496442226e-008	1.124820e-005
1.200000099288445e-007	4.498555e-005
2.400000198576890e-007	1.798844e-004
4.800000397153781e-007	5.874839e-004
5.199999602846219e-007	6.793707e-004
5.999998014231095e-007	9.150149e-004
7.599994837000847e-007	1.489937e-003
1.000000000000000e-006	2.495768e-003
2.512003252689466e-006	1.000120e-002
6.977694057008924e-006	3.181686e-002
1.283706905700892e-005	5.977062e-002
1.869644405700892e-005	8.691729e-002
2.748550655700892e-005	1.261748e-001
3.920425655700893e-005	1.759052e-001
5.092300655700894e-005	2.228054e-001
6.557144405700895e-005	2.776951e-001
8.314956905700897e-005	3.384702e-001
1.036573815570090e-004	4.029421e-001
1.270948815570090e-004	4.689668e-001
1.534620690570090e-004	5.345585e-001
1.798292565570090e-004	5.920486e-001
2.061964440570091e-004	6.424376e-001
2.325636315570091e-004	6.866028e-001
2.589308190570091e-004	7.253128e-001
2.852980065570091e-004	7.592413e-001
3.116651940570092e-004	7.889792e-001
3.380323815570092e-004	8.150439e-001
3.643995690570092e-004	8.378892e-001
3.907667565570092e-004	8.579127e-001
4.171339440570093e-004	8.754629e-001
4.435011315570093e-004	8.908454e-001
4.698683190570093e-004	9.043279e-001
4.980703125000000e-004	9.169143e-001
5.010000000000000e-004	9.181235e-001
5.010929687500000e-004	9.181039e-001
5.020000000000001e-004	9.160147e-001
5.298725781250009e-004	7.968934e-001
5.562397656250009e-004	6.984633e-001
5.826069531250010e-004	6.121910e-001
6.089741406250010e-004	5.365748e-001
6.353413281250010e-004	4.702986e-001
6.617085156250010e-004	4.122086e-001
6.880757031250011e-004	3.612937e-001
7.144428906250011e-004	3.166677e-001
7.408100781250011e-004	2.775537e-001
7.671772656250011e-004	2.432711e-001
7.935444531250012e-004	2.132229e-001
8.199116406250012e-004	1.868862e-001
8.462788281250012e-004	1.638025e-001
8.726460156250012e-004	1.435701e-001
8.990132031250012e-004	1.258367e-001
9.253803906250013e-004	1.102937e-001
9.517475781250013e-004	9.667049e-002
9.781147656250013e-004	8.473002e-002
1.000000000000000e-003	7.594342e-002
1.000078468750004e-003	7.595467e-002
1.000549281250027e-003	7.668035e-002
1.001000000000000e-003	7.807554e-002
1.009653815624661e-003	1.170688e-001
1.018442878124661e-003	1.550299e-001
1.030161628124660e-003	2.031181e-001
1.044810065624660e-003	2.593983e-001
1.062388190624659e-003	3.217128e-001
1.082896003124658e-003	3.878179e-001
1.106333503124657e-003	4.555151e-001
1.132700690624656e-003	5.227684e-001
1.159067878124655e-003	5.817147e-001
1.185435065624655e-003	6.333802e-001
1.211802253124654e-003	6.786641e-001
1.238169440624653e-003	7.183546e-001
1.264536628124652e-003	7.531427e-001
1.290903815624651e-003	7.836338e-001
1.317271003124650e-003	8.103588e-001
1.343638190624649e-003	8.337827e-001
1.370005378124648e-003	8.543135e-001
1.396372565624647e-003	8.723083e-001
1.422739753124646e-003	8.880804e-001
1.449106940624645e-003	9.019044e-001
1.475474128124644e-003	9.140209e-001
1.501000000000000e-003	9.243272e-001
1.501278906250000e-003	9.241304e-001
1.502000000000000e-003	9.221874e-001
1.529872578124989e-003	8.022634e-001
1.556239765624988e-003	7.031701e-001
1.582606953124987e-003	6.163164e-001
1.608974140624986e-003	5.401907e-001
1.635341328124985e-003	4.734678e-001
1.661708515624984e-003	4.149863e-001
1.688075703124983e-003	3.637283e-001
1.714442890624983e-003	3.188016e-001
1.740810078124982e-003	2.794241e-001
1.767177265624981e-003	2.449104e-001
1.793544453124980e-003	2.146597e-001
1.819911640624979e-003	1.881455e-001
1.846278828124978e-003	1.649063e-001
1.872646015624977e-003	1.445375e-001
1.899013203124976e-003	1.266847e-001
1.925380390624975e-003	1.110369e-001
1.951747578124974e-003	9.732193e-002
1.978114765624975e-003	8.530099e-002
2.000000000000000e-003	7.645518e-002
2.000078468749815e-003	7.646623e-002
2.000549281248706e-003	7.719071e-002
2.001000000000000e-003	7.858475e-002
2.009653815641441e-003	1.175564e-001
2.018442878141441e-003	1.554966e-001
2.030161628141442e-003	2.035583e-001
2.044810065641442e-003	2.598074e-001
2.062388190641443e-003	3.220875e-001
2.082896003141444e-003	3.881560e-001
2.106333503141445e-003	4.558158e-001
2.132700690641446e-003	5.230319e-001
2.159067878141447e-003	5.819458e-001
2.185435065641448e-003	6.335827e-001
2.211802253141449e-003	6.788415e-001
2.238169440641450e-003	7.185102e-001
2.264536628141451e-003	7.532790e-001
2.290903815641452e-003	7.837533e-001
2.317271003141453e-003	8.104635e-001
2.343638190641454e-003	8.338746e-001
2.370005378141455e-003	8.543940e-001
2.396372565641456e-003	8.723788e-001
2.422739753141457e-003	8.881422e-001
2.449106940641458e-003	9.019586e-001
2.475474128141459e-003	9.140684e-001
2.501000000000000e-003	9.243690e-001
2.501278906250000e-003	9.241721e-001
2.502000000000000e-003	9.222291e-001
2.529872578125002e-003	8.022996e-001
2.556239765625003e-003	7.032018e-001
2.582606953125004e-003	6.163442e-001
2.608974140625005e-003	5.402150e-001
2.635341328125006e-003	4.734891e-001
2.661708515625007e-003	4.150051e-001
2.688075703125008e-003	3.637447e-001
2.714442890625009e-003	3.188160e-001
2.737880390625010e-003	2.835602e-001
2.764247578125011e-003	2.485356e-001
2.790614765625012e-003	2.178372e-001
2.816981953125013e-003	1.909305e-001
2.843349140625014e-003	1.673473e-001
2.869716328125015e-003	1.466770e-001
2.896083515625016e-003	1.285599e-001
2.922450703125017e-003	1.126805e-001
2.948817890625018e-003	9.876251e-002
2.975185078125019e-003	8.656364e-002
2.999215312498521e-003	7.675942e-002
3.000000000000000e-003	7.645863e-002
Step Information: X=300n Y=1K  (Run: 3/6)
0.000000000000000e+000	0.000000e+000
1.200000099288445e-007	2.999358e-005
2.400000198576890e-007	1.199486e-004
4.800000397153781e-007	3.917706e-004
5.199999602846219e-007	4.530535e-004
5.999998014231095e-007	6.102286e-004
7.599994837000847e-007	9.937489e-004
1.000000000000000e-006	1.664785e-003
4.048006557008924e-006	1.174422e-002
9.907381557008925e-006	3.084795e-002
1.869644405700892e-005	5.882942e-002
3.041519405700892e-005	9.488538e-002
4.506363155700893e-005	1.380191e-001
6.264175655700895e-005	1.870750e-001
8.314956905700897e-005	2.407896e-001
1.065870690570090e-004	2.978456e-001
1.358839440570090e-004	3.631741e-001
1.681105065570090e-004	4.280374e-001
2.061964440570091e-004	4.962302e-001
2.472120690570091e-004	5.606046e-001
2.882276940570091e-004	6.167530e-001
3.292433190570092e-004	6.657264e-001
3.702589440570092e-004	7.084417e-001
4.112745690570092e-004	7.456986e-001
4.522901940570093e-004	7.781946e-001
4.933058190570093e-004	8.065381e-001
5.010000000000000e-004	8.114413e-001
5.016507812500000e-004	8.110222e-001
5.020000000000001e-004	8.103897e-001
5.445210156250009e-004	7.033125e-001
5.855366406250010e-004	6.134394e-001
6.265522656250010e-004	5.350507e-001
6.675678906250010e-004	4.666791e-001
7.085835156250011e-004	4.070443e-001
7.495991406250011e-004	3.550299e-001
7.906147656250012e-004	3.096623e-001
8.316303906250012e-004	2.700920e-001
8.726460156250012e-004	2.355781e-001
9.136616406250013e-004	2.054747e-001
9.546772656250013e-004	1.792180e-001
9.972451562500011e-004	1.555061e-001
1.000000000000000e-003	1.540847e-001
1.000549281250027e-003	1.544333e-001
1.001000000000000e-003	1.552468e-001
1.021372565624660e-003	2.106899e-001
1.044810065624660e-003	2.700079e-001
1.071177253124659e-003	3.314292e-001
1.103403815624657e-003	3.995258e-001
1.138560065624656e-003	4.659277e-001
1.179575690624655e-003	5.341744e-001
1.220591315624653e-003	5.937001e-001
1.261606940624652e-003	6.456193e-001
1.302622565624650e-003	6.909040e-001
1.343638190624649e-003	7.304020e-001
1.384653815624647e-003	7.648527e-001
1.425669440624646e-003	7.949011e-001
1.466685065624644e-003	8.211098e-001
1.501000000000000e-003	8.404488e-001
1.502000000000000e-003	8.393007e-001
1.544521015624989e-003	7.284034e-001
1.585536640624987e-003	6.353241e-001
1.626552265624986e-003	5.541389e-001
1.667567890624984e-003	4.833280e-001
1.708583515624983e-003	4.215657e-001
1.749599140624981e-003	3.676958e-001
1.790614765624980e-003	3.207096e-001
1.831630390624978e-003	2.797276e-001
1.872646015624977e-003	2.439825e-001
1.913661640624975e-003	2.128051e-001
1.954677265624974e-003	1.856117e-001
1.997245156249951e-003	1.610539e-001
2.000000000000000e-003	1.595817e-001
2.000549281248706e-003	1.599202e-001
2.001000000000000e-003	1.607256e-001
2.021372565641441e-003	2.158090e-001
2.044810065641442e-003	2.747424e-001
2.071177253141443e-003	3.357652e-001
2.103403815641444e-003	4.034203e-001
2.138560065641446e-003	4.693915e-001
2.179575690641447e-003	5.371956e-001
2.220591315641449e-003	5.963352e-001
2.261606940641450e-003	6.479177e-001
2.302622565641452e-003	6.929087e-001
2.343638190641454e-003	7.321505e-001
2.384653815641455e-003	7.663777e-001
2.425669440641457e-003	7.962313e-001
2.466685065641458e-003	8.222700e-001
2.501000000000000e-003	8.414836e-001
2.502000000000000e-003	8.403320e-001
2.544521015625002e-003	7.292985e-001
2.585536640625004e-003	6.361048e-001
2.626552265625005e-003	5.548199e-001
2.667567890625007e-003	4.839220e-001
2.708583515625009e-003	4.220838e-001
2.737880390625010e-003	3.828131e-001
2.778896015625011e-003	3.338951e-001
2.819911640625013e-003	2.912282e-001
2.860927265625014e-003	2.540135e-001
2.901942890625016e-003	2.215542e-001
2.942958515625017e-003	1.932428e-001
2.983974140625019e-003	1.685492e-001
2.999215312498521e-003	1.601965e-001
3.000000000000000e-003	1.597778e-001
Step Information: X=100n Y=10K  (Run: 4/6)
0.000000000000000e+000	0.000000e+000
2.400000198576890e-007	3.599538e-005
5.199999602846219e-007	1.359748e-004
7.599994837000847e-007	2.983171e-004
1.000000000000000e-006	4.998305e-004
1.576675655700892e-005	1.514866e-002
3.920425655700893e-005	3.796273e-002
7.143081905700896e-005	6.847167e-002
1.153761315570090e-004	1.085216e-001
1.710401940570090e-004	1.567891e-001
2.384230065570091e-004	2.117350e-001
3.175245690570092e-004	2.716857e-001
4.112745690570092e-004	3.368623e-001
5.010000000000000e-004	3.937727e-001
5.020000000000001e-004	3.938745e-001
6.441303906250010e-004	3.416900e-001
7.847553906250011e-004	2.968654e-001
9.253803906250013e-004	2.579211e-001
1.000000000000000e-003	2.393751e-001
1.000235406250011e-003	2.393619e-001
1.001000000000000e-003	2.396388e-001
1.085825690624658e-003	3.014757e-001
1.185435065624655e-003	3.677022e-001
1.299692878124650e-003	4.359727e-001
1.431528815624646e-003	5.056387e-001
1.501000000000000e-003	5.388178e-001
1.502000000000000e-003	5.387746e-001
1.641200703124985e-003	4.687636e-001
1.781825703124980e-003	4.072688e-001
1.922450703124975e-003	3.538412e-001
2.000000000000000e-003	3.274374e-001
2.001000000000000e-003	3.276130e-001
2.106333503141445e-003	3.948341e-001
2.229380378141449e-003	4.648989e-001
2.370005378141455e-003	5.350962e-001
2.501000000000000e-003	5.921769e-001
2.502000000000000e-003	5.920803e-001
2.641200703125006e-003	5.151426e-001
2.737880390625010e-003	4.676704e-001
2.878505390625015e-003	4.063191e-001
2.999215312498521e-003	3.601162e-001
3.000000000000000e-003	3.598337e-001
Step Information: X=200n Y=10K  (Run: 5/6)
0.000000000000000e+000	0.000000e+000
2.400000198576890e-007	1.799885e-005
5.999998014231095e-007	9.159008e-005
1.000000000000000e-006	2.499576e-004
2.748550655700892e-005	1.340160e-002
7.436050655700896e-005	3.625613e-002
1.417433190570090e-004	6.818514e-002
2.296339440570091e-004	1.082473e-001
3.409620690570092e-004	1.565296e-001
4.757276940570093e-004	2.114925e-001
5.010000000000000e-004	2.213939e-001
5.020000000000001e-004	2.215310e-001
7.847553906250011e-004	1.923248e-001
1.000000000000000e-003	1.727011e-001
1.001000000000000e-003	1.728663e-001
1.141489753124656e-003	2.289741e-001
1.308481940624650e-003	2.907374e-001
1.501000000000000e-003	3.558277e-001
1.501650781250001e-003	3.559130e-001
1.502000000000000e-003	3.558975e-001
1.784755390624980e-003	3.089767e-001
2.000000000000000e-003	2.774506e-001
2.001000000000000e-003	2.775634e-001
2.191294440641448e-003	3.431320e-001
2.411021003141456e-003	4.114748e-001
2.501000000000000e-003	4.373658e-001
2.502000000000000e-003	4.373949e-001
2.737880390625010e-003	3.887346e-001
2.999215312498521e-003	3.411182e-001
3.000000000000000e-003	3.409843e-001
Step Information: X=300n Y=10K  (Run: 6/6)
0.000000000000000e+000	0.000000e+000
5.199999602846219e-007	4.533053e-005
1.000000000000000e-006	1.666478e-004
4.213394405700893e-005	1.378189e-002
1.124464440570090e-004	3.662761e-002
2.149855065570091e-004	6.899900e-002
3.497511315570092e-004	1.098959e-001
5.010000000000000e-004	1.536593e-001
5.020000000000001e-004	1.537733e-001
9.312397656250013e-004	1.332730e-001
1.000000000000000e-003	1.302531e-001
1.001000000000000e-003	1.303774e-001
1.185435065624655e-003	1.822299e-001
1.405161628124647e-003	2.399843e-001
1.501000000000000e-003	2.638803e-001
1.502000000000000e-003	2.639576e-001
1.928310078124975e-003	2.289916e-001
2.000000000000000e-003	2.235843e-001
2.001000000000000e-003	2.236774e-001
2.249888190641450e-003	2.854838e-001
2.501000000000000e-003	3.428572e-001
2.501650781250000e-003	3.429168e-001
2.502000000000000e-003	3.429081e-001
2.737880390625010e-003	3.169791e-001
2.999215312498521e-003	2.905350e-001
3.000000000000000e-003	2.904590e-001
